aruco_lookup_locations:
  target_1: [-1.752882, 3.246192]
  target_2: [-2.510293, 1.125585]
  target_3: [-0.289296, -1.282680]
  target_4: [7.710214, -1.716889]